3.0733778923463335e-134 0.0
2.1081135682369468e-134 1.0
1.4077175289960447e-134 2.0
9.256722711838169e-135 3.0
6.05036200323462e-135 4.0
3.959759194749001e-135 5.0
2.5998469431297575e-135 6.0
1.692062600349413e-135 7.0
1.0779062307772853e-135 8.0
6.6561054522095284e-136 9.0
3.956389739735531e-136 10.0
2.2588969388092237e-136 11.0
1.2515806741938476e-136 12.0
6.807634137968026e-137 13.0
3.6713785255297746e-137 14.0
1.980106826452151e-137 15.0
1.0740878086003172e-137 16.0
5.845420215542337e-138 17.0
3.1791181607573224e-138 18.0
1.721980704674219e-138 19.0
9.263203039222885e-139 20.0
4.941543325169293e-139 21.0
2.6207122733347886e-139 22.0
1.3863387647020753e-139 23.0
7.336548136974732e-140 24.0
3.894033421879903e-140 25.0
2.0768335870655679e-140 26.0
1.112056152544282e-140 27.0
5.969780716325335e-141 28.0
3.208683182092256e-141 29.0
1.7249430915360727e-141 30.0
9.269233989065348e-142 31.0
4.986204652784184e-142 32.0
2.690635817076675e-142 33.0
1.4591281280061427e-142 34.0
7.965770523893536e-143 35.0
4.3833699311327875e-143 36.0
2.4300160338049485e-143 37.0
1.3556895443221837e-143 38.0
7.603336141878041e-144 39.0
4.282758537204438e-144 40.0
2.421326015695476e-144 41.0
1.3757409447406764e-144 42.0
7.87073645989484e-145 43.0
4.542461379080925e-145 44.0
2.648907256122808e-145 45.0
1.5629491438192737e-145 46.0
9.333650200558186e-146 47.0
5.640537138794771e-146 48.0
3.4478858697390806e-146 49.0
2.130738276373042e-146 50.0
6.008748301987037e-94 51.0
4.1846168892470253e-94 52.0
2.839663347656502e-94 53.0
1.8855000792559016e-94 54.0
1.2306447515937955e-94 55.0
7.9347052075371e-95 56.0
5.064388877515513e-95 57.0
3.197251829887121e-95 58.0
1.993946830495311e-95 59.0
1.226491827547185e-95 60.0
7.427508735513161e-96 61.0
4.435793283117527e-96 62.0
2.627048619762738e-96 63.0
1.5517792629144728e-96 64.0
9.194619472639231e-97 65.0
5.495156457166024e-97 66.0
3.304546536867456e-97 67.0
1.973287361845109e-97 68.0
1.15417405095152e-97 69.0
6.524336836751227e-98 70.0
3.518670338300918e-98 71.0
1.8091746689092813e-98 72.0
9.060810349034408e-99 73.0
6.4160147159817406e-49 74.0
3.2369025577178616e-49 75.0
41.91249521227254 76.0
64.37977486095491 77.0
74.28768303405344 78.0
69.75951859698425 79.0
56.33500713367949 80.0
40.60806778244723 81.0
26.85020274448702 82.0
16.866918531844735 83.0
10.43416657393869 84.0
6.578293911243056 85.0
4.380734778798588 86.0
2.9304246723894285 87.0
1.7938092367517215 88.0
1.0269015958193322 89.0
0.5597231042701851 90.0
0.2946164150866616 91.0
7.508696353638606e+46 92.0
4.328267471532963e+46 93.0
2.450327975110619e+46 94.0
1.3610618244474558e+46 95.0
7.34456404309904e+45 96.0
3.8044073483546254e+45 97.0
1.874295278181038e+45 98.0
8.767843921958023e+44 99.0
3.927735220132834e+44 100.0
1.713715786640411e+44 101.0
7.423660449769684e+43 102.0
3.241585440310701e+43 103.0
1.4370086002926387e+43 104.0
6.46512308545568e+42 105.0
2.9547229119064315e+42 106.0
1.3716228447106428e+42 107.0
6.43915700804041e+41 108.0
3.0484350018494186e+41 109.0
1.4552371329914844e+41 110.0
7.008773388562917e+40 111.0
3.4093628443335164e+40 112.0
1.6780800340056318e+40 113.0
8.376543117977286e+39 114.0
4.2523350818535215e+39 115.0
2.1982334744684418e+39 116.0
1.1570453935318391e+39 117.0
6.199388437388801e+38 118.0
3.38352561941083e+38 119.0
1.8839170933917885e+38 120.0
1.0716724334192373e+38 121.0
6.236956833157673e+37 122.0
3.7211500584810167e+37 123.0
2.280324836075769e+37 124.0
1.4367122618578243e+37 125.0
9.23841176894449e+36 126.0
6.028501139732165e+36 127.0
3.986345199633391e+36 128.0
2.667646985413864e+36 129.0
1.8046729597747944e+36 130.0
1.2329645392721589e+36 131.0
8.499733716217675e+35 132.0
5.908075305606077e+35 133.0
4.13782752717866e+35 134.0
2.9182777808481066e+35 135.0
2.071415997480266e+35 136.0
1.4790494980769588e+35 137.0
1.0619305223079063e+35 138.0
7.663687909272709e+34 139.0
5.557116441437294e+34 140.0
4.0476121416626214e+34 141.0
2.9606851971607545e+34 142.0
2.1743475539174677e+34 143.0
1.6026525726716424e+34 144.0
1.1851041085871805e+34 145.0
8.789835264748529e+33 146.0
6.537842483250211e+33 147.0
4.8758376129332545e+33 148.0
3.6453697234640576e+33 149.0
2.7318646795704464e+33 150.0
2.0518303840376418e+33 151.0
1.5442875420305398e+33 152.0
1.1645935799845457e+33 153.0
8.798867152067964e+32 154.0
6.659677777443292e+32 155.0
5.049013021119442e+32 156.0
3.8340173260748084e+32 157.0
2.9157634187666804e+32 158.0
2.220678639628004e+32 159.0
1.693572392635009e+32 160.0
1.2933148767915692e+32 161.0
9.88885746056001e+31 162.0
7.570168719761598e+31 163.0
5.801923785491034e+31 164.0
4.451602156249237e+31 165.0
3.419203609174274e+31 166.0
2.6289297892546776e+31 167.0
2.0233384545517505e+31 168.0
1.5587385964026469e+31 169.0
1.2019447865498616e+31 170.0
9.276494892995763e+30 171.0
7.165866124493264e+30 172.0
5.540166722902315e+30 173.0
4.2868214459996575e+30 174.0
3.319736813703908e+30 175.0
2.5728507855690944e+30 176.0
1.9955463079503646e+30 177.0
1.5489443104032553e+30 178.0
1.2031939617670425e+30 179.0
9.352955454658217e+29 180.0
7.275709029638083e+29 181.0
5.66374771979557e+29 182.0
4.411973458838037e+29 183.0
3.4391518808917876e+29 184.0
2.6826658238874372e+29 185.0
2.09394181119452e+29 186.0
1.6354595356375108e+29 187.0
1.2781937975691023e+29 188.0
9.995920466767432e+28 189.0
7.822031517435517e+28 190.0
6.1245913889377895e+28 191.0
4.798367417044499e+28 192.0
3.761587639615488e+28 193.0
2.950529378739617e+28 194.0
2.315683507866632e+28 195.0
1.8184569921392253e+28 196.0
1.4288080873167545e+28 197.0
1.1232523217488397e+28 198.0
8.835248735931186e+27 199.0
6.953396256910848e+27 200.0
5.475202611266508e+27 201.0
4.31347208463777e+27 202.0
3.40002164518907e+27 203.0
2.681344640803252e+27 204.0
2.115613957909183e+27 205.0
1.670057997244464e+27 206.0
1.318993396467917e+27 207.0
1.0422083633248023e+27 208.0
8.238877603550429e+26 209.0
6.516016867646135e+26 210.0
5.155763324275056e+26 211.0
4.081292581290896e+26 212.0
3.2321477362459056e+26 213.0
2.5607614294065406e+26 214.0
2.0296994721530157e+26 215.0
1.6094309267958022e+26 216.0
1.276727315339126e+26 217.0
1.013183848223152e+26 218.0
8.043750564840841e+25 219.0
6.388360028664261e+25 220.0
5.0755921384155455e+25 221.0
4.0341406039929e+25 222.0
3.207509263643953e+25 223.0
2.551200788513766e+25 224.0
2.0299145247761204e+25 225.0
1.6156911123160698e+25 226.0
1.2864284408654619e+25 227.0
1.02462062269285e+25 228.0
8.163641023064021e+24 229.0
6.506422867124449e+24 230.0
5.187236842253008e+24 231.0
4.1368242693330824e+24 232.0
3.3001188575297427e+24 233.0
2.63342605123854e+24 234.0
2.1020303318016567e+24 235.0
1.6783782000789146e+24 236.0
1.3404727986076665e+24 237.0
1.0708914493152645e+24 238.0
8.557653837015281e+23 239.0
6.840261707134377e+23 240.0
5.469080137160424e+23 241.0
4.3737953723475015e+23 242.0
3.4987890877229684e+23 243.0
2.79951477065664e+23 244.0
2.240529933161829e+23 245.0
1.7936067564751987e+23 246.0
1.4361617861708637e+23 247.0
1.1502192478817266e+23 248.0
9.214091263681535e+22 249.0
7.382793968446261e+22 250.0
5.916797553713667e+22 251.0
4.742849595956187e+22 252.0
3.802661120642231e+22 253.0
3.0494735119260997e+22 254.0
2.4459349755594052e+22 255.0
1.9622618534619644e+22 256.0
1.5745300476328382e+22 257.0
1.2636456409781387e+22 258.0
1.014337570172671e+22 259.0
8.143697255464162e+21 260.0
6.539436409248299e+21 261.0
5.252096815032419e+21 262.0
4.218915577105703e+21 263.0
3.38958740430077e+21 264.0
2.7237295394686616e+21 265.0
2.1890283699259066e+21 266.0
1.7595932399104814e+21 267.0
1.4146198638240703e+21 268.0
1.1374580598524754e+21 269.0
9.147550910794312e+20 270.0
7.357560373741253e+20 271.0
5.918742560554995e+20 272.0
4.76204510463107e+20 273.0
3.831921721956759e+20 274.0
3.083902491076774e+20 275.0
2.482276350780679e+20 276.0
1.998271774875884e+20 277.0
1.608870560185675e+20 278.0
1.2955193298671565e+20 279.0
1.0433333370193022e+20 280.0
8.403571090224806e+19 281.0
6.769536344987534e+19 282.0
5.453923903190087e+19 283.0
4.394552279956573e+19 284.0
3.541378327278453e+19 285.0
2.854161937588683e+19 286.0
2.3006196259008057e+19 287.0
1.854644473706611e+19 288.0
1.4952777836066036e+19 289.0
1.20568837852296e+19 290.0
9.723014733173557e+18 291.0
7.841741309466753e+18 292.0
6.325176728179105e+18 293.0
5.102450858973841e+18 294.0
4.116558116040861e+18 295.0
3.3215151582305843e+18 296.0
2.6803085988807537e+18 297.0
2.163088578274335e+18 298.0
1.7458792209103037e+18 299.0
1.409279472939189e+18 300.0
1.1376913953781935e+18 301.0
9.185224567591698e+17 302.0
7.416536200244874e+17 303.0
5.989004589161632e+17 304.0
4.836695240877415e+17 305.0
3.906522388176798e+17 306.0
3.155493240788668e+17 307.0
2.5490985478553782e+17 308.0
2.0594197145385005e+17 309.0
1.6639842697971542e+17 310.0
1.3445797855891138e+17 311.0
1.0865851262565438e+17 312.0
8.781801046919315e+16 313.0
7.098062032972999e+16 314.0
5.7376358718002616e+16 315.0
4.6383661930775384e+16 316.0
3.7500424392939384e+16 317.0
3.032098643604622e+16 318.0
2.451789051925978e+16 319.0
1.9827359406237292e+16 320.0
1.6035487339848744e+16 321.0
1.2969929059273576e+16 322.0
1.0491215935591292e+16 323.0
8486881067372205.0 324.0
6866066608030308.0 325.0
5555241179945944.0 326.0
4495048509815688.5 327.0
3637480578257616.0 328.0
2943743231416318.5 329.0
2382471657051410.0 330.0
1928409098407222.5 331.0
1560996449971489.0 332.0
1263675518308024.5 333.0
1023067179078031.1 334.0
828330536061796.2 335.0
670715028612275.4 336.0
543131143053211.9 337.0
439848773472368.0 338.0
356234706055701.4 339.0
288538961725022.94 340.0
233721576505327.94 341.0
189335820060107.4 342.0
153387057221386.9 343.0
124275768086373.77 344.0
100694511931171.52 345.0
81595074700488.61 346.0
66122350294125.516 347.0
53587926779196.836 348.0
43432565397836.66 349.0
35204301058763.6 350.0
28537104275223.062 351.0
23133847124216.562 352.0
18755049559809.48 353.0
15206309425853.896 354.0
12329757800012.648 355.0
9998255028547.36 356.0
8108005806212.53 357.0
6575561313308.254 358.0
5333172946582.891 359.0
4325823002233.969 360.0
3509033893700.152 361.0
2846596743480.146 362.0
2309392647717.5557 363.0
1873695099287.61 364.0
1520303308172.6392 365.0
1233649080645.9731 366.0
1001100800050.5537 367.0
812446884623.067 368.0
659394792902.2834 369.0
535204859504.36725 370.0
434436481905.8572 371.0
352662129539.96655 372.0
286299573074.52155 373.0
232441659901.7936 374.0
188728635016.21722 375.0
153245608544.16205 376.0
124440235789.98962 377.0
101057583702.63704 378.0
82073593852.23174 379.0
66660507205.12162 380.0
54144500215.94206 381.0
43981538360.7734 382.0
35729509365.58533 383.0
29026798426.289864 384.0
23583193620.922817 385.0
19161622293.81112 386.0
15570100024.868032 387.0
12652607697.493916 388.0
10282493265.359547 389.0
8356740442.661991 390.0
6792183211.834609 391.0
5520873310.766505 392.0
4487807135.148958 393.0
3648294561.8754106 394.0
2965959662.3021917 395.0
2411469021.072952 396.0
1960723836.6770577 397.0
1594330301.7866933 398.0
1296506126.7661092 399.0
1054363453.740201 400.0
857504284.1353505 401.0
697447234.5167241 402.0
567301086.6434542 403.0
461463950.4591093 404.0
375401466.619638 405.0
305404521.63188225 406.0
248479118.83058777 407.0
202174065.45599476 408.0
164509508.57764798 409.0
133870855.0394817 410.0
108942361.31466714 411.0
88662738.78124636 412.0
72164435.83435617 413.0
58737449.610931836 414.0
47812853.4217331 415.0
38922019.11067974 416.0
31686613.38214883 417.0
25797934.470987972 418.0
21004617.171688244 419.0
17103233.439783152 420.0
13927290.685572708 421.0
11341726.174214 422.0
9236845.430694772 423.0
7522944.122633124 424.0
6127483.491562922 425.0
4991246.050472542 426.0
4065800.05729292 427.0
3312260.37085824 428.0
2698556.9829646377 429.0
2198632.924827755 430.0
1791443.4559881468 431.0
1459779.4589339516 432.0
1189586.2735231817 433.0
969455.6188200635 434.0
790106.6437183034 435.0
643983.9393879337 436.0
524910.6065559421 437.0
427883.40276284405 438.0
348808.69597740006 439.0
284370.11014577304 440.0
231844.46891081636 441.0
189034.7764153967 442.0
154141.59019723075 443.0
125693.87713471668 444.0
102502.98020816136 445.0
83596.79928693514 446.0
68180.62104069775 447.0
55611.33368710164 448.0
45362.16418496531 449.0
37003.895433584796 450.0
